%YAML:1.0
---
K: !!opencv-matrix
   rows: 3
   cols: 3
   dt: d
   data: [ 1.4445883040599583e+03, 0., 3.3360548219557063e+02, 0.,
       1.4405619154711617e+03, 3.7025585913373470e+02, 0., 0., 1. ]
D: !!opencv-matrix
   rows: 1
   cols: 5
   dt: d
   data: [ -4.5767356116422347e-01, 3.2274148897480232e-01,
       1.1748142410401038e-03, 5.3449898137258671e-04,
       -9.2184637475481848e-02 ]
