%YAML:1.0
---
K: !!opencv-matrix
   rows: 3
   cols: 3
   dt: d
   data: [ 1.2366349467916220e+03, 0., 2.6729989719484973e+02, 0.,
       1.2282545956047688e+03, 3.8870607152425060e+02, 0., 0., 1. ]
D: !!opencv-matrix
   rows: 1
   cols: 5
   dt: d
   data: [ -5.0729606446350928e-01, 6.5527493113669992e+00,
       1.4634503659410709e-03, -1.0670372705064353e-02,
       -5.0744888021738070e+01 ]
